     0/299    0.361G    0.1215   0.04185   0.03127    0.1946        12       640         0         0  0.001211 0.0001877   0.08915   0.03447   0.02449
     1/299     5.14G     0.117   0.03535   0.03045    0.1828         5       640         0         0  0.001158 0.0001552   0.08449   0.03071   0.02444
     2/299     5.14G   0.09986   0.03806   0.02858    0.1665         9       640         0         0 0.0003479 4.114e-05   0.08019   0.02751   0.02453
     3/299     5.14G    0.1002   0.03528   0.02978    0.1652         7       640         0         0 0.0003201 4.189e-05   0.07587   0.02631   0.02455
     4/299     5.14G   0.09017   0.03705   0.02861    0.1558         9       640         0         0 0.0002645 4.101e-05   0.07161    0.0261   0.02441
     5/299     5.14G   0.09374   0.03505   0.02917     0.158         8       640         0         0 0.0003146 5.787e-05   0.06908    0.0261   0.02433
     6/299     5.14G   0.08623   0.03646   0.02716    0.1498         9       640         0         0 0.0003802  5.11e-05   0.06803   0.02615   0.02446
     7/299     5.14G   0.09233   0.03133   0.02806    0.1517         8       640         0         0 0.0004293 5.882e-05   0.06667   0.02644   0.02465
     8/299     5.14G   0.08651   0.03522   0.02653    0.1483         7       640         0         0 0.0009755 0.0001184   0.06577   0.02667   0.02486
     9/299     5.14G   0.08779   0.03291   0.02723    0.1479         6       640         0         0  0.001435 0.0002001   0.06769   0.02588   0.02488
    10/299     5.14G   0.08998   0.03646   0.02765    0.1541        11       640         0         0 6.114e-05 1.962e-05   0.06957   0.02385   0.02452
    11/299     5.14G   0.08988   0.03719    0.0268    0.1539        10       640         0         0 0.0001251  2.66e-05   0.07062   0.02228   0.02439
    12/299     5.14G   0.09113   0.03746    0.0291    0.1577         9       640         0         0 0.0002244  3.85e-05   0.07241   0.02105   0.02447
    13/299     5.14G   0.08856   0.03756   0.02772    0.1538        11       640         0         0 0.0006887 0.0001353   0.07071   0.02158   0.02455
    14/299     5.14G   0.08658   0.03463    0.0268     0.148         5       640         0         0 0.0002758 6.111e-05   0.07101   0.02082   0.02527
    15/299     5.14G   0.08027   0.03306   0.02622    0.1396         6       640         0         0 0.0002277 2.827e-05   0.07133   0.01959   0.02513
    16/299     5.14G    0.0855   0.03908   0.02722    0.1518         9       640         0         0 4.554e-05 4.932e-06   0.07439   0.01778   0.02596
    17/299     5.14G   0.08689   0.03663   0.02429    0.1478        10       640         0         0 1.585e-05  4.12e-06   0.08257   0.07484    0.0347
    18/299     5.14G   0.08157    0.0364    0.0266    0.1446        12       640         0         0 2.729e-05 4.273e-06   0.08022    0.1124    0.0419
    19/299     5.14G   0.08813   0.03456   0.02772    0.1504         9       640         0         0 7.249e-05 9.399e-06   0.07445   0.06846   0.03648
    20/299     5.14G   0.07989   0.03515   0.02774    0.1428         8       640         0         0 0.0006331   8.2e-05   0.06623   0.02496   0.02606
    21/299     5.14G   0.08637   0.03263   0.02411    0.1431         7       640         0         0   0.00714  0.001998   0.06685   0.02386   0.02588
    22/299     5.14G   0.08308   0.04063   0.02684    0.1506        12       640         0         0  0.002687 0.0004585   0.06727   0.02394   0.02605
    23/299     5.14G   0.08533   0.03437   0.02761    0.1473         6       640         0         0  0.001753 0.0002063   0.06695   0.02374   0.02577
    24/299     5.14G   0.08497   0.03557   0.02296    0.1435         8       640         0         0    0.0013 0.0002205   0.06792   0.02375   0.02543
    25/299     5.14G   0.08153   0.03497   0.02696    0.1435         7       640         0         0  0.001303  0.000277   0.06944   0.02312   0.02525
    26/299     5.14G   0.08631   0.03731   0.02581    0.1494         9       640         0         0   0.00185 0.0002348   0.07065   0.02253   0.02545
    27/299     5.14G   0.08057   0.03725   0.02626    0.1441         5       640         0         0  0.001227 0.0001788   0.06951   0.02242   0.02531
    28/299     5.14G   0.08282   0.03665    0.0236    0.1431        11       640         0         0  0.002701 0.0002889   0.06876   0.02264    0.0256
    29/299     5.14G   0.08292   0.03491   0.02726    0.1451         7       640         0         0  0.001701  0.000245   0.06809   0.02312   0.02611
    30/299     5.14G   0.08611    0.0331   0.02444    0.1437         7       640         0         0  0.001213 0.0001866   0.06752   0.02367   0.02627
    31/299     5.14G   0.08445   0.03435   0.02921     0.148         6       640         0         0  0.001338 0.0002127   0.06812   0.02291   0.02635
    32/299     5.14G   0.08478   0.03869   0.02763    0.1511         9       640         0         0 0.0005827 0.0001057   0.06936   0.02243   0.02749
    33/299     5.14G   0.08092   0.03531   0.02237    0.1386         6       640         0         0  0.003373 0.0004087   0.06687   0.02363   0.02675
    34/299     5.14G    0.0855   0.03686   0.02654    0.1489         6       640         0         0  0.002987  0.000606   0.06479   0.02477    0.0264
    35/299     5.14G   0.08118   0.03465   0.02834    0.1442         8       640         0         0  0.003287 0.0006295   0.06336   0.02557   0.02624
    36/299     5.14G   0.07917   0.03932   0.02207    0.1406         8       640         0         0  0.001576 0.0002231    0.0638   0.02589   0.02639
    37/299     5.14G   0.07669   0.03903   0.02121    0.1369        10       640         0         0  0.002476 0.0003406   0.06279   0.02621   0.02656
    38/299     5.14G   0.08064   0.03702   0.02261    0.1403         7       640         0         0   0.00197 0.0003287   0.06262   0.02658   0.02737
    39/299     5.14G   0.08054   0.03708   0.02215    0.1398         9       640         0         0  0.001832 0.0002744    0.0624   0.02621   0.02767
    40/299     5.14G   0.07832   0.03797   0.02666    0.1429         8       640         0         0  0.001896 0.0002786   0.06307   0.02571   0.02753
    41/299     5.14G   0.08584   0.03684   0.02321    0.1459         7       640         0         0  0.001391 0.0002093   0.06428   0.02468   0.02744
    42/299     5.14G   0.08248   0.03713   0.03031    0.1499         8       640         0         0 0.0009792 0.0001555    0.0641   0.02454    0.0273
    43/299     5.14G   0.08187   0.03883   0.02661    0.1473        10       640         0         0  0.001146  0.000172   0.06579   0.02428   0.02677
    44/299     5.14G   0.07528   0.03712   0.02637    0.1388         7       640         0         0  0.001983 0.0003109   0.06609   0.02432    0.0265
    45/299     5.14G   0.08216   0.03562   0.02615    0.1439         7       640         0         0  0.001358 0.0002557   0.06801   0.02349   0.02641
    46/299     5.14G   0.08012   0.03744   0.02374    0.1413        10       640         0         0 0.0008371 0.0002154   0.06853   0.02342   0.02649
    47/299     5.14G    0.0787   0.03802   0.02286    0.1396        12       640         0         0 0.0006212 0.0001373   0.06736   0.02321   0.02696
    48/299     5.14G   0.08441   0.03926   0.02748    0.1511         7       640         0         0 0.0006425 9.667e-05   0.06829   0.02187   0.02714
    49/299     5.14G    0.0777   0.03369   0.02549    0.1369         6       640         0         0 0.0004241 7.504e-05   0.07088    0.0209   0.02669
    50/299     5.14G   0.07912   0.03756   0.02565    0.1423         9       640         0         0 0.0006795 0.0001525   0.07024   0.02092   0.02678
    51/299     5.14G   0.07848   0.03767   0.02521    0.1414        11       640         0         0 0.0009793 0.0001673   0.06801    0.0221   0.02733
    52/299     5.14G   0.07083   0.03815   0.02576    0.1347        10       640         0         0 0.0007641 0.0001459   0.06602   0.02284   0.02715
    53/299     5.14G   0.07639   0.03742   0.02327    0.1371         7       640         0         0  0.000701  0.000114   0.06541   0.02268   0.02749
    54/299     5.14G   0.08235   0.03994   0.02402    0.1463         9       640         0         0   0.00165 0.0003292   0.06373   0.02334   0.02815
    55/299     5.14G   0.08153   0.04242   0.02748    0.1514        13       640         0         0  0.001316 0.0001836   0.06642   0.02166   0.02781
    56/299     5.14G   0.08489   0.03377   0.02711    0.1458         7       640         0         0 0.0003726 0.0001203   0.07197   0.01913   0.02717
    57/299     5.14G   0.07618   0.03708   0.02703    0.1403         9       640         0         0 0.0004642 0.0001325   0.06905   0.02128   0.02644
    58/299     5.14G    0.0778   0.03578   0.02354    0.1371         6       640         0         0 0.0008168 0.0001347   0.06771   0.02175   0.02617
    59/299     5.14G   0.08042   0.03997   0.02305    0.1434        10       640         0         0  0.000864 0.0001606   0.06747   0.02122   0.02643
    60/299     5.14G   0.08006   0.03733   0.02364     0.141         6       640         0         0  0.003731 0.0008592   0.06331   0.02327   0.02702
    61/299     5.14G   0.08124   0.03597   0.02535    0.1426         7       640         0         0  0.004234 0.0006917   0.06253   0.02381   0.02675
    62/299     5.14G   0.08289   0.03411   0.02712    0.1441         7       640         0         0  0.003626 0.0007517   0.06153   0.02456   0.02659
    63/299     5.14G   0.07577   0.03622   0.02566    0.1377         8       640         0         0  0.004166 0.0006359   0.05964   0.02487   0.02641
    64/299     5.14G   0.07638   0.03275   0.01989     0.129         6       640         0         0  0.009458  0.001852   0.06074   0.02382   0.02592
    65/299     5.14G   0.07583   0.03523   0.02338    0.1344         5       640         0         0  0.009964  0.002214    0.0605   0.02461   0.02599
    66/299     5.14G   0.07627   0.03223   0.02338    0.1319         5       640         0         0   0.01361  0.002715   0.06047   0.02488   0.02617
    67/299     5.14G   0.07787    0.0359   0.02425     0.138        11       640       0.5      0.02   0.03231   0.01525   0.06209     0.023   0.02601
    68/299     5.14G   0.08368   0.03743   0.02462    0.1457        11       640       0.5      0.02   0.03606  0.006071   0.06283   0.02158   0.02622
    69/299     5.14G   0.08363   0.03385    0.0227    0.1402         8       640         0         0   0.03712  0.006654   0.06368   0.02158   0.02619
    70/299     5.14G   0.07848   0.03483   0.02181    0.1351         8       640         0         0   0.01849  0.002047    0.0661   0.02119   0.02592
    71/299     5.14G   0.08284   0.03856   0.02188    0.1433        11       640         0         0  0.005303 0.0008712   0.07146   0.01868   0.02557
    72/299     5.14G   0.07994   0.03491   0.02338    0.1382        11       640         0         0   0.01112   0.00267   0.07854   0.01637   0.02707
    73/299     5.14G   0.08081   0.03507   0.02596    0.1418         8       640       0.5      0.02   0.04176  0.007839   0.06735   0.02086   0.02914
    74/299     5.14G   0.08365   0.03873   0.02678    0.1492        13       640       0.5      0.02   0.03759   0.01471   0.06202   0.02359   0.02592
    75/299     5.14G   0.07996   0.03192   0.02353    0.1354         3       640         0         0   0.01113  0.002538   0.05933   0.02442   0.02621
    76/299     5.14G   0.07754   0.03852   0.02284    0.1389         6       640         0         0   0.01243  0.003916   0.06057   0.02393    0.0269
    77/299     5.14G   0.07524   0.03534   0.02271    0.1333        12       640         0         0    0.0142  0.002448   0.06058   0.02385   0.02597
    78/299     5.14G   0.08066   0.03629    0.0232    0.1402        10       640         0         0  0.006978  0.001534   0.06065    0.0234   0.02691
    79/299     5.14G   0.08272   0.03885   0.02264    0.1442         8       640         0         0   0.01288   0.00221   0.06022   0.02433   0.02737
    80/299     5.14G   0.08068   0.03329   0.02513    0.1391         9       640         0         0   0.01082  0.001603   0.06389   0.02407   0.02468
    81/299     5.14G   0.07594   0.03827   0.02535    0.1396         6       640         0         0   0.01834  0.003421   0.06134   0.02466   0.02771
    82/299     5.14G   0.07916   0.03858   0.02421     0.142         9       640         0         0   0.00727  0.001439   0.06114   0.02439   0.03249
    83/299     5.14G   0.07637   0.03457   0.02647    0.1374         4       640         0         0  0.004196 0.0006587   0.06001   0.02576   0.03692
    84/299     5.14G   0.07311   0.03658   0.02452    0.1342         7       640  0.003227      0.02  0.003273 0.0005182   0.05901   0.02803   0.03935
    85/299     5.14G   0.07683   0.03703   0.02985    0.1437        10       640  0.002226      0.04  0.002412 0.0003812   0.06025   0.03315   0.03772
    86/299     5.14G   0.07684    0.0424   0.02369    0.1429        13       640  0.004811      0.12  0.002762 0.0003401   0.06012   0.03758   0.03578
    87/299     5.14G   0.07306   0.03562   0.02192    0.1306         4       640  0.006632      0.18  0.009875  0.001703   0.05775   0.04237   0.04015
    88/299     5.14G   0.07687   0.03802   0.02726    0.1422        10       640  0.002795       0.1  0.005056   0.00128   0.06296   0.04366   0.04311
    89/299     5.14G   0.07713   0.03725   0.02287    0.1372        10       640   0.00128      0.02  0.001179 0.0001422   0.08188    0.0244   0.05501
    90/299     5.14G   0.07464   0.03651   0.02296    0.1341         8       640         0         0 2.218e-06 2.218e-07     0.115   0.03267    0.1828
    91/299     5.14G   0.06947   0.03724   0.02345    0.1302         9       640         0         0 7.771e-06 9.806e-07    0.1152   0.01392    0.2014
    92/299     5.14G   0.07121   0.03518   0.02596    0.1324         8       640         0         0 7.382e-06 1.865e-06    0.1162  0.009706    0.2255
    93/299     5.14G   0.07094   0.03189   0.02636    0.1292         4       640         0         0 8.345e-06  1.62e-06    0.1053  0.005763    0.1858
    94/299     5.14G   0.07308   0.03971   0.02411    0.1369         9       640         0         0 0.0004884 9.027e-05   0.09994   0.01067     0.154
    95/299     5.14G   0.06724   0.03619   0.02423    0.1277         6       640  0.003951      0.04   0.01221  0.003054   0.09539   0.02005    0.1287
    96/299     5.14G   0.07118   0.03682   0.02263    0.1306         6       640  0.005362      0.24  0.004499 0.0008707   0.08821    0.1851   0.07856
    97/299     5.14G   0.07362   0.03953    0.0245    0.1376         9       640  0.002485      0.22  0.002284  0.000357   0.08449    0.1804   0.05854
    98/299     5.14G   0.07421   0.03678   0.02265    0.1336         7       640  0.002079      0.06 0.0009923 0.0001603   0.07991    0.0421   0.04182
    99/299     5.14G    0.0747   0.04068   0.02424    0.1396         9       640         0         0 0.0004596 5.205e-05   0.08136   0.01425   0.03154
   100/299     5.14G   0.07596   0.03546   0.02448    0.1359         7       640   0.01835      0.02  0.001264 0.0004854    0.0781   0.01502   0.02863
   101/299     5.14G   0.07266   0.03555   0.02177      0.13         6       640   0.09199      0.02   0.01421  0.002811   0.07765   0.01588   0.02884
   102/299     5.14G   0.07305   0.04146   0.02159    0.1361        12       640         0         0  0.005565  0.001445    0.0824    0.0132   0.02972
   103/299     5.14G   0.07151   0.03875   0.02414    0.1344         8       640   0.03762      0.02   0.02252  0.004264   0.08091   0.01557   0.03137
   104/299     5.14G   0.07095   0.03676   0.02339    0.1311        11       640         0         0  0.001332 0.0002263   0.09171  0.009479   0.04491
   105/299     5.14G   0.07565   0.03665   0.02004    0.1323        11       640         0         0  0.001345 0.0001824   0.08932   0.01115    0.0482
   106/299     5.14G   0.07724   0.03984   0.02561    0.1427        12       640         0         0   0.00226 0.0003885    0.0846   0.01374   0.04172
   107/299     5.14G   0.07171   0.03771   0.02113    0.1305        11       640         0         0   0.01115  0.004263   0.06701   0.02163   0.03626
   108/299     5.14G   0.07021   0.03516   0.01941    0.1248         6       640         0         0  0.002929 0.0004734   0.06531   0.02348   0.03045
   109/299     5.14G   0.07035   0.03427   0.02495    0.1296         4       640         0         0  0.004476 0.0008812   0.06431   0.02464   0.02784
   110/299     5.14G   0.07192   0.03574   0.02051    0.1282         9       640  0.009578      0.08  0.008844  0.001226   0.06338   0.02888    0.0298
   111/299     5.14G   0.07621   0.03396    0.0187    0.1289         7       640   0.03311      0.16   0.04518    0.0102   0.05786    0.0307   0.02549
   112/299     5.14G   0.07449   0.03464   0.01665    0.1258         8       640   0.02398      0.08   0.03407  0.006303   0.05572    0.0301   0.02998
   113/299     5.14G   0.07102   0.03993   0.01918    0.1301         7       640   0.00384      0.02  0.003712  0.000686   0.06489   0.02751   0.02763
   114/299     5.14G   0.06783   0.03814   0.02125    0.1272         9       640         0         0   0.01402  0.002454   0.05742   0.02558   0.02257
   115/299     5.14G   0.07758   0.03642   0.02206    0.1361        12       640    0.0915      0.02   0.05805   0.01098   0.05327   0.02579    0.0225
   116/299     5.14G   0.06356   0.03785   0.01798    0.1194        10       640   0.07324      0.06   0.04909   0.01223   0.05476   0.02698   0.02739
   117/299     5.14G   0.06651   0.03373   0.01772     0.118         6       640     0.526   0.09333     0.068   0.02292   0.05447   0.02799   0.02873
   118/299     5.14G   0.06468   0.03953   0.02238    0.1266        10       640  0.004268      0.02   0.00263 0.0003597   0.06443   0.02703   0.03604
   119/299     5.14G   0.07229   0.03333   0.02094    0.1266         6       640  0.007233      0.02   0.01273  0.002597    0.0665   0.02689   0.03523
   120/299     5.14G   0.07363   0.03592   0.01943     0.129         9       640         0         0  0.001376 0.0002276   0.07714   0.01993   0.03792
   121/299     5.14G   0.07345   0.03422   0.01645    0.1241         3       640   0.04017      0.02  0.004851  0.001783   0.06889   0.02145   0.03463
   122/299     5.14G   0.06757   0.03619   0.01614    0.1199         9       640         0         0   0.03682  0.005767   0.05903   0.02376    0.0339
   123/299     5.14G   0.06824   0.03731   0.01696    0.1225         7       640         0         0  0.009793  0.001252   0.06343   0.02167   0.03274
   124/299     5.14G   0.07649   0.02939   0.01687    0.1227         7       640         0         0   0.02825  0.004612   0.05648   0.02412    0.0326
   125/299     5.14G   0.07105   0.03733   0.01718    0.1256         7       640   0.06424       0.1   0.04582  0.006033   0.05755   0.02429    0.0322
   126/299     5.14G   0.06643   0.03497   0.01891    0.1203         9       640   0.00728      0.02  0.005504  0.001012   0.07253   0.02359    0.0407
   127/299     5.14G   0.06802   0.03795   0.01609    0.1221         9       640         0         0  0.003128 0.0005673   0.07423   0.02249   0.04216
   128/299     5.14G   0.07525   0.03559   0.01963    0.1305         7       640         0         0  0.004322 0.0008063   0.07625   0.02024   0.04045
   129/299     5.14G   0.06841   0.03807   0.01909    0.1256         7       640         0         0  0.004319 0.0008384   0.06463   0.02343   0.04316
   130/299     5.14G   0.06984   0.03775   0.01489    0.1225        10       640  0.004409      0.02  0.003156 0.0004712   0.07082   0.02401   0.04587
   131/299     5.14G   0.06886   0.03451   0.01639    0.1198         8       640   0.01054      0.06  0.005454 0.0008941    0.0677   0.02807   0.04529
   132/299     5.14G   0.07304   0.03788   0.01539    0.1263        14       640         0         0  0.001071 0.0001594   0.07186   0.01993   0.04248
   133/299     5.14G     0.067   0.03508   0.01577    0.1178         7       640         0         0  0.006228  0.002715   0.06717   0.02081   0.04277
   134/299     5.14G   0.07304   0.03393   0.02194    0.1289         6       640         0         0   0.00633  0.002136   0.06969   0.02046   0.03899
   135/299     5.14G    0.0698   0.04054   0.01508    0.1254        11       640   0.02243      0.02  0.008708  0.002159   0.06777   0.02091   0.03726
   136/299     5.14G   0.07261   0.03472    0.0173    0.1246         7       640  0.005947      0.02    0.0192  0.003611   0.07146   0.02269    0.0379
   137/299     5.14G   0.06789   0.03761   0.01913    0.1246        10       640         0         0  0.007092  0.001577   0.06515   0.02232   0.02972
   138/299     5.14G   0.07188   0.03388   0.01702    0.1228         9       640         0         0   0.00814  0.002558   0.05913   0.02524   0.02998
   139/299     5.14G   0.06582   0.03491   0.01458    0.1153         9       640         0         0  0.005752    0.0018   0.06002    0.0254    0.0305
   140/299     5.14G   0.06715    0.0315   0.01444    0.1131         4       640   0.02082      0.02  0.007522  0.001483    0.0581   0.02751   0.02503
   141/299     5.14G   0.07129   0.03722   0.02074    0.1292        11       640         0         0  0.002951 0.0005934    0.0642   0.02455   0.02352
   142/299     5.14G   0.07195   0.04017   0.01814    0.1303         9       640         0         0   0.00322 0.0005098   0.06877   0.02292   0.02294
   143/299     5.14G   0.07455   0.03627   0.01773    0.1286        12       640   0.02517      0.06   0.01588  0.002193   0.06178   0.02432   0.02164
   144/299     5.14G   0.06935   0.03303    0.0149    0.1173         7       640         0         0  0.001877 0.0004886    0.0704    0.0196    0.0223
   145/299     5.14G   0.07164   0.03582   0.01439    0.1219         6       640         0         0  0.003525 0.0007164   0.07314   0.01934   0.02542
   146/299     5.14G   0.06299   0.02942   0.01009    0.1025         5       640   0.01609      0.02   0.00333 0.0009477   0.07745   0.01974   0.02468
   147/299     5.14G   0.06305   0.03454   0.01427    0.1119         5       640  0.008563      0.02  0.007716   0.00171   0.06707   0.02118   0.02374
   148/299     5.14G   0.06895   0.03592   0.01799    0.1229        11       640   0.01621       0.1   0.02264    0.0051   0.06326   0.02337   0.01881
   149/299     5.14G   0.07003   0.03734   0.01991    0.1273        13       640  0.009088      0.08   0.02007  0.003782   0.06421   0.02579   0.02445
   150/299     5.14G   0.06702   0.03723    0.0129    0.1171         9       640  0.009968      0.06   0.01871  0.004608   0.06276   0.02526   0.02541
   151/299     5.14G   0.06936   0.03508   0.01209    0.1165        11       640   0.03507      0.16   0.03788  0.008241   0.06012   0.02574   0.02579
   152/299     5.14G   0.06942   0.03664     0.013    0.1191        10       640   0.08906       0.1   0.04846  0.007909   0.06269   0.02405   0.02468
   153/299     5.14G   0.06455   0.03669   0.01588    0.1171         7       640    0.1202      0.02   0.04848   0.01149   0.06064   0.02491   0.02639
   154/299     5.14G   0.06857   0.03317   0.01564    0.1174         3       640     0.137      0.02    0.1006   0.02986   0.05668   0.02549   0.02855
   155/299     5.14G   0.06892   0.03489   0.01201    0.1158         7       640    0.1476      0.08   0.09571   0.02418   0.05385   0.02618   0.02909
   156/299     5.14G   0.07013   0.03512   0.01142    0.1167         8       640   0.03381      0.04   0.05918     0.011   0.05231   0.02737   0.03617
   157/299     5.14G   0.06613   0.03557   0.01052    0.1122         7       640   0.03763      0.16   0.05122  0.009058   0.05338   0.02963   0.04034
   158/299     5.14G   0.06653   0.03403   0.01505    0.1156         6       640   0.06294       0.2   0.06145   0.01204   0.05422   0.02765   0.04493
   159/299     5.14G   0.06754   0.03199    0.0112    0.1107         6       640   0.01786      0.06   0.01889  0.003188   0.06504   0.02433   0.04594
   160/299     5.14G   0.06754   0.03515  0.009789    0.1125         8       640   0.04073      0.08   0.02829  0.004803   0.06178   0.02375    0.0482
   161/299     5.14G     0.064   0.03767   0.01329     0.115         9       640   0.04115      0.16   0.07496     0.024   0.05398   0.02755   0.05208
   162/299     5.14G   0.07159    0.0341    0.0115    0.1172         8       640   0.06583    0.2533   0.09167   0.03359   0.05421   0.02947   0.04298
   163/299     5.14G   0.06019   0.03433  0.009692    0.1042         4       640   0.07719    0.2133   0.09873   0.02491   0.05507   0.02656   0.03763
   164/299     5.14G   0.06392    0.0322   0.01189     0.108         6       640    0.1126    0.2067   0.09461   0.02221   0.05692   0.02606   0.02865
   165/299     5.14G   0.06681   0.03446  0.008648    0.1099         7       640    0.1851    0.1133    0.1264    0.0318   0.05422   0.02505   0.01398
   166/299     5.14G    0.0716   0.03287  0.009416    0.1139         9       640    0.1412    0.1333    0.1087   0.02419   0.05336   0.02567   0.01287
   167/299     5.14G   0.06862   0.03284   0.01118    0.1126         7       640    0.1111    0.1467   0.07642   0.01539   0.05489   0.02491   0.01043
   168/299     5.14G   0.06566   0.03454   0.00996    0.1102         5       640    0.1192    0.3333    0.1461   0.03165   0.05335   0.02651  0.008098
   169/299     5.14G   0.06242   0.03576  0.009574    0.1078         9       640    0.1429      0.42    0.1931   0.05414   0.05344   0.02912   0.01118
   170/299     5.14G   0.06632   0.03381  0.007752    0.1079         6       640   0.08199    0.2998    0.1133   0.02487   0.05353   0.02873   0.01816
   171/299     5.14G   0.06563     0.038   0.01275    0.1164         8       640   0.08953       0.3   0.09051   0.01518   0.05437   0.02679   0.02012
   172/299     5.14G   0.06171   0.03343   0.01035    0.1055         7       640   0.06968       0.2   0.04766   0.01016   0.05724   0.02502   0.02102
   173/299     5.14G   0.06597   0.03254  0.006836    0.1053        13       640   0.04853    0.1467   0.03253  0.007068   0.05975   0.02432   0.02316
   174/299     5.14G   0.06046   0.03221  0.008009    0.1007         5       640   0.04864    0.1733   0.05109   0.01169   0.05786   0.02566    0.0298
   175/299     5.14G   0.06726   0.03465  0.008681    0.1106         6       640   0.03621    0.1267   0.01979  0.005384   0.06092   0.02502   0.03174
   176/299     5.14G   0.06266   0.03506  0.008107    0.1058        10       640   0.09668    0.2074   0.06616   0.01789   0.05549   0.02575   0.03129
   177/299     5.14G   0.06087    0.0329  0.008518    0.1023         4       640   0.07252      0.16   0.05259   0.01317   0.05762   0.02727   0.03046
   178/299     5.14G    0.0624   0.03354  0.009133    0.1051         7       640   0.09511      0.16    0.0405  0.008164   0.06222   0.02675   0.03397
   179/299     5.14G   0.06298   0.03327   0.01097    0.1072         7       640    0.0634    0.1133   0.03007  0.008145   0.06219   0.02582   0.03466
   180/299     5.14G   0.06231   0.03224  0.009296    0.1038         5       640   0.04347   0.07333   0.01575  0.004712   0.06601    0.0234   0.03112
   181/299     5.14G    0.0643   0.03422  0.006539    0.1051         8       640   0.05748   0.09333   0.02201  0.007059   0.06703   0.02315   0.03054
   182/299     5.14G   0.06072   0.03507  0.007498    0.1033         7       640   0.06408    0.1533   0.05534   0.01137   0.05958   0.02475   0.03073
   183/299     5.14G   0.05998   0.03328  0.007541    0.1008         7       640    0.1287    0.1733    0.1327   0.02619   0.05576    0.0256   0.03025
   184/299     5.14G   0.06396   0.03435  0.007761    0.1061         9       640    0.1791    0.1733    0.1162   0.03582   0.05573   0.02561   0.02209
   185/299     5.14G   0.05553   0.03459  0.005888   0.09601        10       640    0.0926   0.07333   0.08946   0.02928    0.0524    0.0253   0.01626
   186/299     5.14G   0.06279   0.03254  0.006677     0.102         8       640   0.09072   0.07333   0.07654   0.02261   0.05086   0.02563   0.01392
   187/299     5.14G   0.06216   0.03256  0.009056    0.1038         7       640    0.1095   0.07333   0.08543   0.02776   0.05022   0.02553   0.01283
   188/299     5.14G   0.05981   0.02891  0.007941   0.09666         5       640    0.1357   0.05333    0.1054   0.03093   0.05235   0.02534   0.01233
   189/299     5.14G   0.05989   0.03638   0.01321    0.1095        10       640    0.2187   0.04771    0.1008   0.03301   0.05297   0.02508   0.01152
   190/299     5.14G   0.06396   0.03435  0.006951    0.1053         8       640    0.1087      0.06   0.09382   0.02687   0.05382   0.02537   0.01268
   191/299     5.14G   0.06124    0.0312   0.01264    0.1051         5       640    0.1162      0.12    0.1247   0.02829   0.05866   0.02362   0.01466
   192/299     5.14G   0.05725   0.03058   0.01012   0.09795         7       640    0.1097      0.16   0.08703   0.01611   0.05209   0.02549   0.03366
   193/299     5.14G   0.05446   0.03482  0.009834   0.09912         6       640   0.09194       0.1    0.0718    0.0192   0.05122   0.02574   0.02905
   194/299     5.14G   0.06703   0.03245  0.007982    0.1075        10       640    0.1613    0.1133   0.09217   0.03137   0.05416   0.02421   0.01993
   195/299     5.14G   0.05944   0.03446  0.005996    0.0999         8       640    0.1818    0.1333    0.1142   0.03759   0.05455   0.02413   0.01743
   196/299     5.14G   0.06047   0.03474   0.01118    0.1064         9       640    0.2409    0.1333    0.1659    0.0546   0.05474   0.02427   0.01602
   197/299     5.14G   0.06151   0.03621  0.007471    0.1052         8       640    0.2782    0.1533    0.1925   0.07558   0.05604   0.02316   0.01534
   198/299     5.14G   0.06112   0.03388  0.008434    0.1034        10       640    0.2268    0.1733    0.1488   0.06123   0.05799   0.02145    0.0149
   199/299     5.14G   0.06242    0.0356   0.01008    0.1081         9       640    0.1955    0.1933    0.1524   0.06016   0.06065   0.02102   0.01474
   200/299     5.14G   0.05516   0.03168   0.00667   0.09351         3       640    0.1571    0.2133    0.1606    0.0726   0.05907   0.02186   0.01881
   201/299     5.14G   0.05698   0.02995  0.008284   0.09522         5       640    0.3022    0.2133    0.2286   0.08886   0.05593   0.02248   0.02907
   202/299     5.14G   0.05992   0.03388  0.006575    0.1004         6       640    0.3064    0.2333    0.1987   0.07227    0.0585   0.02223   0.02798
   203/299     5.14G   0.05699   0.03452  0.009412    0.1009        12       640    0.2146    0.2533    0.2117   0.07799   0.05623    0.0228   0.02352
   204/299     5.14G   0.05839   0.03533  0.005008   0.09874        12       640     0.205    0.3667     0.231   0.08622   0.05312   0.02322   0.01914
   205/299     5.14G   0.06261   0.03207  0.006313     0.101         8       640    0.1521    0.2933    0.2139   0.08731   0.05521   0.02268   0.01847
   206/299     5.14G   0.05833   0.03345  0.006474   0.09825         7       640    0.1644    0.2333    0.2255     0.086   0.05568    0.0219   0.01563
   207/299     5.14G   0.05739   0.03316  0.004599   0.09514         9       640    0.2206    0.2667      0.25   0.09701   0.05507   0.02215   0.01455
   208/299     5.14G   0.06139   0.03432  0.004568    0.1003        12       640    0.2371      0.28    0.2337   0.07445   0.05685   0.02161   0.01351
   209/299     5.14G   0.05281   0.03351  0.003249   0.08958         6       640    0.3179    0.3366    0.3008    0.1038   0.05517    0.0224   0.01314
   210/299     5.14G   0.05704   0.03083  0.008354   0.09622         4       640    0.3306    0.2933    0.2944    0.1103    0.0524   0.02295   0.01252
   211/299     5.14G   0.06056   0.03279  0.005883   0.09923         8       640    0.2214    0.2933    0.2418   0.09537   0.05214    0.0229   0.01236
   212/299     5.14G   0.05769   0.03231  0.004089   0.09408         6       640    0.3097       0.3    0.3064    0.1142   0.05108    0.0232    0.0123
   213/299     5.14G   0.05102   0.03388  0.004814   0.08971         9       640    0.3384    0.3467    0.3482    0.1353    0.0502   0.02346   0.01246
   214/299     5.14G   0.05745   0.02968  0.003393   0.09052         8       640    0.2667    0.3133    0.3102    0.1026   0.05116   0.02326   0.01258
   215/299     5.14G   0.04872   0.02734  0.005726   0.08178         5       640    0.4161    0.4333     0.404    0.1326   0.04823   0.02352   0.01272
   216/299     5.14G   0.05466   0.03171  0.004377   0.09074         5       640    0.2569      0.32    0.3226    0.1176    0.0515   0.02312   0.01149
   217/299     5.14G   0.05761   0.03231  0.004635   0.09456         8       640    0.3106    0.4467    0.3618    0.1433   0.05138   0.02311   0.01086
   218/299     5.14G   0.05757   0.03181   0.00623   0.09561         5       640    0.2601      0.48    0.3613    0.1288   0.04909   0.02398  0.007627
   219/299     5.14G   0.05928   0.03128  0.005125   0.09568         8       640    0.2378    0.4933    0.3566    0.1108    0.0516   0.02378  0.007785
   220/299     5.14G   0.05736   0.03487  0.005051   0.09728         9       640    0.2147    0.5927    0.3777    0.1287   0.05087   0.02484  0.006835
   221/299     5.14G   0.05549   0.03349  0.005597   0.09458         8       640    0.2524      0.62    0.3839    0.1393   0.04865   0.02477   0.00759
   222/299     5.14G   0.05892   0.03083  0.005959   0.09571        10       640    0.2762    0.4783    0.3228    0.1044   0.04947   0.02434  0.007704
   223/299     5.14G   0.05796   0.03429  0.004652   0.09691        10       640    0.1858    0.2933    0.2061   0.08096   0.05229   0.02404  0.008418
   224/299     5.14G    0.0604   0.03087    0.0106    0.1019         9       640    0.2216    0.2933    0.2416   0.09046   0.05054   0.02398  0.009457
   225/299     5.14G   0.05501   0.03181  0.004445   0.09126         7       640    0.1895      0.28    0.1844   0.07623   0.05158   0.02338   0.01074
   226/299     5.14G   0.05647   0.03458  0.004465   0.09551        11       640    0.2573    0.4867    0.3274    0.1125   0.04901   0.02395  0.009898
   227/299     5.14G   0.05113   0.03552  0.003753    0.0904         9       640    0.2833    0.5467     0.382    0.1444   0.04608   0.02433  0.009484
   228/299     5.14G   0.05681   0.03291  0.002676   0.09239        12       640    0.3229    0.5267    0.3742     0.148   0.04684   0.02401   0.01046
   229/299     5.14G   0.05462   0.02893  0.004491   0.08804         8       640    0.3564    0.5067    0.3545    0.1325   0.04776   0.02342   0.01296
   230/299     5.14G   0.05584   0.03016  0.009846   0.09585         5       640    0.3889    0.4067    0.3312    0.1251   0.04913   0.02344   0.01353
   231/299     5.14G   0.05598   0.03573  0.003347   0.09506        10       640    0.2543    0.3392    0.2534   0.09519   0.05176   0.02303   0.01347
   232/299     5.14G   0.05698   0.03419  0.009097    0.1003        12       640    0.2363    0.3333    0.2456   0.09586   0.05186   0.02315   0.01191
   233/299     5.14G   0.05445   0.03163  0.006221   0.09229         9       640    0.2742    0.3333    0.2772    0.1006   0.05077   0.02343   0.01098
   234/299     5.14G   0.05607   0.03213  0.005358   0.09355         8       640     0.212    0.3213    0.2295   0.07439   0.05306   0.02329   0.01131
   235/299     5.14G   0.05435   0.03217  0.003729   0.09024         7       640    0.1798      0.26      0.22   0.07402   0.05285   0.02363   0.01119
   236/299     5.14G   0.05303   0.03332  0.003624   0.08997         5       640    0.1886    0.2733    0.1889   0.07349   0.05395   0.02348   0.01153
   237/299     5.14G   0.05368   0.03265  0.006036   0.09237         7       640    0.2315    0.3667    0.2321    0.0833   0.05043   0.02413   0.01163
   238/299     5.14G   0.05602   0.03041  0.003987   0.09041         8       640    0.3161    0.4267    0.2731    0.1018   0.04972   0.02407   0.01332
   239/299     5.14G    0.0517   0.02848  0.005093   0.08527         6       640    0.3389    0.3733    0.2849    0.1163   0.04994   0.02379   0.01453
   240/299     5.14G    0.0535   0.03159  0.004332   0.08942         8       640    0.2812    0.3299    0.2988    0.1264   0.04933   0.02377   0.01627
   241/299     5.14G   0.05514   0.03217  0.004869   0.09217         9       640     0.258    0.4667    0.3009    0.1211   0.04872   0.02394   0.01907
   242/299     5.14G   0.05263   0.03042  0.003934   0.08698         9       640    0.2414    0.4864     0.324    0.1166   0.04878   0.02427   0.01517
   243/299     5.14G   0.05654   0.03444  0.003441   0.09442        11       640    0.2341    0.4733    0.3018    0.1054   0.04995   0.02396   0.01457
   244/299     5.14G    0.0507   0.02943  0.002423   0.08255         6       640    0.2802    0.4733    0.3698    0.1384   0.04837   0.02405   0.01217
   245/299     5.14G   0.05308    0.0292  0.003995   0.08628         8       640    0.3542    0.5067    0.3888    0.1505   0.04837   0.02373   0.01209
   246/299     5.14G   0.05251   0.03026  0.002576   0.08535         6       640      0.39    0.5017    0.3896    0.1387   0.05068   0.02338   0.01172
   247/299     5.14G    0.0539   0.03158  0.003105   0.08858        10       640    0.4018    0.4738     0.368     0.155   0.04883   0.02357   0.01266
   248/299     5.14G   0.05441   0.03105  0.003811   0.08927         7       640    0.4198    0.5022    0.3697    0.1351   0.05039   0.02317   0.01129
   249/299     5.14G   0.05428   0.02994   0.00356   0.08778         7       640    0.3315      0.42    0.3144    0.0968   0.05335   0.02255   0.01009
   250/299     5.14G   0.05547   0.03039  0.003752   0.08962         9       640    0.3941      0.48    0.3392    0.1045   0.05241   0.02321   0.01002
   251/299     5.14G   0.05037   0.03073  0.002587   0.08369         6       640    0.3788    0.5133    0.3563    0.1268   0.04975   0.02346  0.009792
   252/299     5.14G   0.05265   0.02908  0.006992   0.08872         7       640    0.4376    0.5467    0.4016    0.1455   0.04811   0.02387   0.01157
   253/299     5.14G   0.05252   0.03134  0.004189   0.08805        10       640    0.4882      0.58    0.4506    0.1575   0.04879    0.0239   0.01489
   254/299     5.14G   0.05121   0.02981  0.002392   0.08341         9       640    0.4078    0.5067    0.3735     0.137   0.05019   0.02384    0.0155
   255/299     5.14G   0.05673   0.02742  0.007965   0.09211         7       640    0.5003      0.56    0.4412    0.1684   0.04824   0.02431   0.01364
   256/299     5.14G   0.05702   0.03042  0.003443   0.09089        10       640    0.4072    0.4518    0.3476    0.1281   0.04912   0.02412   0.01258
   257/299     5.14G   0.05513   0.03041  0.002707   0.08825        11       640    0.3662    0.4254    0.3432    0.1156   0.04864   0.02407   0.01294
   258/299     5.14G   0.05092   0.03092  0.006624   0.08847         7       640    0.2929    0.4867    0.3706    0.1371   0.04746   0.02455   0.01527
   259/299     5.14G   0.05139   0.03079  0.004421    0.0866         9       640    0.2591    0.4368    0.3347    0.1094   0.05061   0.02395    0.0152
   260/299     5.14G   0.05354   0.02979  0.007978   0.09131         9       640    0.2887      0.48    0.3753    0.1239   0.04908   0.02439   0.01193
   261/299     5.14G   0.05163   0.03147  0.004228   0.08733        11       640    0.2901      0.52    0.3824    0.1207    0.0497   0.02427   0.01105
   262/299     5.14G    0.0507   0.03113  0.003462    0.0853         6       640    0.3329      0.54    0.3999    0.1296    0.0507   0.02403   0.01154
   263/299     5.14G   0.05082   0.02879  0.003861   0.08347         7       640    0.3607    0.5438    0.3929    0.1288    0.0503   0.02399   0.01126
   264/299     5.14G   0.05528   0.02765  0.008015   0.09094         8       640    0.3904      0.58    0.3994    0.1469   0.04851   0.02424   0.01136
   265/299     5.14G   0.05283   0.03064   0.00219   0.08566         8       640    0.3567    0.5398    0.4134    0.1467     0.049   0.02418   0.01185
   266/299     5.14G    0.0559   0.02761  0.005144   0.08866         7       640    0.3156    0.4733    0.3819    0.1286    0.0501   0.02405   0.01024
   267/299     5.14G     0.051   0.03237  0.003563   0.08694         7       640     0.327    0.5093    0.3826    0.1337   0.05013   0.02428   0.01001
   268/299     5.14G   0.04967    0.0282  0.002968   0.08083        10       640    0.4012      0.54     0.421    0.1402   0.04945   0.02411   0.01124
   269/299     5.14G   0.05176   0.02913  0.003613   0.08451         5       640    0.4003      0.52    0.3954    0.1221   0.05075   0.02363   0.01506
   270/299     5.14G   0.05386   0.02976  0.005622   0.08924        11       640    0.3738    0.4533    0.3515    0.1211    0.0519   0.02361   0.01131
   271/299     5.14G   0.05092   0.02944  0.003512   0.08387         7       640    0.3595    0.4333    0.3568    0.1199   0.05209    0.0238   0.01097
   272/299     5.14G   0.05082   0.03174  0.002554   0.08511         7       640    0.2978    0.4127    0.3382    0.1172   0.05247   0.02378    0.0118
   273/299     5.14G   0.04884   0.02733   0.00434   0.08051         4       640    0.3007    0.3893    0.3511    0.1194   0.05186   0.02387   0.01116
   274/299     5.14G   0.04801   0.02909  0.004456   0.08156         8       640    0.3612    0.4245    0.3898    0.1299   0.05124   0.02382   0.01136
   275/299     5.14G   0.05072   0.02876  0.003802   0.08329         5       640    0.3922    0.3654    0.3932    0.1267   0.05161   0.02366   0.01023
   276/299     5.14G   0.05322   0.02844  0.003093   0.08475         4       640     0.408       0.4    0.4105     0.133   0.05064   0.02388  0.008296
   277/299     5.14G   0.05067   0.02861  0.002439   0.08171         7       640    0.3791       0.4    0.3925    0.1098   0.05149   0.02372  0.009076
   278/299     5.14G   0.04601   0.02851   0.00354   0.07806         8       640    0.3516       0.4     0.399    0.1334   0.04991   0.02409  0.009527
   279/299     5.14G   0.04831   0.02695  0.002794   0.07805         6       640    0.3796    0.4333    0.4002    0.1228   0.05015   0.02389  0.009877
   280/299     5.14G   0.05082   0.02897  0.003899   0.08369         6       640    0.3691    0.4333    0.4011    0.1366   0.04952   0.02404   0.01077
   281/299     5.14G   0.05144   0.02925  0.003377   0.08407         7       640    0.3809    0.4333    0.4004    0.1307   0.05142   0.02371   0.01156
   282/299     5.14G   0.05021    0.0307  0.004143   0.08505        12       640    0.4271    0.4133    0.3924    0.1382   0.05056   0.02391   0.01123
   283/299     5.14G   0.04987   0.02836  0.003705   0.08194         6       640    0.4222    0.4133    0.3984    0.1416   0.04971   0.02394   0.01076
   284/299     5.14G   0.04977   0.02951   0.00263   0.08191         6       640    0.3908    0.4133    0.4013    0.1415   0.04991   0.02383  0.009886
   285/299     5.14G   0.05301   0.03106  0.003095   0.08716        13       640    0.4644    0.4381     0.382    0.1135   0.05315   0.02385  0.009148
   286/299     5.14G   0.04999   0.02701  0.002393   0.07939         6       640    0.4024    0.3733    0.3172     0.105   0.05453   0.02392   0.01024
   287/299     5.14G    0.0475   0.02865  0.001792   0.07794        10       640    0.4543    0.3733    0.3074    0.1089   0.05416   0.02423   0.01083
   288/299     5.14G   0.05013   0.03027  0.002445   0.08284         8       640    0.4742    0.3933    0.3433    0.1139   0.05284   0.02397    0.0109
   289/299     5.14G   0.05108   0.03083  0.002706   0.08462         9       640    0.4173    0.5067    0.4484    0.1625   0.04827    0.0239   0.01068
   290/299     5.14G   0.04946   0.03001  0.001645   0.08112         7       640    0.3545    0.5067    0.4721    0.1788    0.0479   0.02407   0.01045
   291/299     5.14G   0.05257   0.03245   0.00311   0.08813        11       640    0.3857    0.5267    0.4712     0.177   0.04799   0.02423    0.0108
   292/299     5.14G    0.0501   0.02621   0.00244   0.07875         7       640    0.3465    0.4733    0.4754    0.1938    0.0467   0.02435   0.01155
   293/299     5.14G   0.04991   0.03033   0.00266    0.0829        13       640    0.3509    0.4733    0.4744    0.1923   0.04651   0.02431   0.01276
   294/299     5.14G   0.04889   0.03035  0.007955   0.08719         6       640    0.4047    0.4867    0.4803    0.1824   0.04686   0.02411   0.01369
   295/299     5.14G   0.05142   0.02943   0.00336   0.08421        11       640    0.4696    0.5533     0.529    0.1903   0.04669   0.02391   0.01276
   296/299     5.14G   0.04964   0.02457  0.003926   0.07814         6       640    0.3859      0.52    0.4609    0.1786   0.04634   0.02373   0.01024
   297/299     5.14G   0.04966   0.03052  0.001975   0.08216        10       640    0.2918      0.54    0.4609    0.1744   0.04704   0.02407  0.008113
   298/299     5.14G   0.05166   0.02951   0.00427   0.08544         9       640    0.2999    0.6067    0.5244    0.1856   0.04679   0.02416  0.005999
   299/299     5.14G    0.0515   0.03058  0.003736   0.08582         6       640     0.305      0.62    0.5158    0.1762   0.04726   0.02407   0.00585
